18900000
18900015
18900029
18900030
18900031
18900032
18900200
18900214
18900229
18900230
18900231
18900232
18900600
18900614
18900629
18900630
18900631
18900632
18901200
18901214
18901229
18901230
18901231
18901232
18901300
18901314
18901329
18901330
18901331
18901332
20080000
20080015
20080029
20080030
20080031
20080032
20080200
20080214
20080229
20080230
20080231
20080232
20080600
20080614
20080629
20080630
20080631
20080632
20081200
20081214
20081229
20081230
20081231
20081232
20081300
20081314
20081329
20081330
20081331
20081332
20190000
20190015
20190029
20190030
20190031
20190032
20190200
20190214
20190229
20190230
20190231
20190232
20190600
20190614
20190629
20190630
20190631
20190632
20191200
20191214
20191229
20191230
20191231
20191232
20191300
20191314
20191329
20191330
20191331
20191332
20510000
20510015
20510029
20510030
20510031
20510032
20510200
20510214
20510229
20510230
20510231
20510232
20510600
20510614
20510629
20510630
20510631
20510632
20511200
20511214
20511229
20511230
20511231
20511232
20511300
20511314
20511329
20511330
20511331
20511332