19000101
19000102
19000115
19000130
19000131
19000201
19000202
19000215
19000230
19000231
19000601
19000602
19000615
19000630
19000631
19001101
19001102
19001115
19001130
19001131
19001201
19001202
19001215
19001230
19001231
19010101
19010102
19010115
19010130
19010131
19010201
19010202
19010215
19010230
19010231
19010601
19010602
19010615
19010630
19010631
19011101
19011102
19011115
19011130
19011131
19011201
19011202
19011215
19011230
19011231
19750101
19750102
19750115
19750130
19750131
19750201
19750202
19750215
19750230
19750231
19750601
19750602
19750615
19750630
19750631
19751101
19751102
19751115
19751130
19751131
19751201
19751202
19751215
19751230
19751231
20490101
20490102
20490115
20490130
20490131
20490201
20490202
20490215
20490230
20490231
20490601
20490602
20490615
20490630
20490631
20491101
20491102
20491115
20491130
20491131
20491201
20491202
20491215
20491230
20491231
20500101
20500102
20500115
20500130
20500131
20500201
20500202
20500215
20500230
20500231
20500601
20500602
20500615
20500630
20500631
20501101
20501102
20501115
20501130
20501131
20501201
20501202
20501215
20501230
20501231
